latitude	longitude	depth	LITH	Fe	Th	U	P
1304.863397	74710.84587	-420.0168083	A	-2.83	-3.55	-2.2	-0.6
1304.875714	74710.84154	-420.0471162	A	-1.36	-1.43	-1.48	-1.97
1304.887496	74710.83741	-420.0760367	A	-2.03	-0.91	-1.79	-1.01
1304.899862	74710.83307	-420.1063224	A	-1.43	-5.58	-2.96	-2.31
1304.912803	74710.82849	-420.1379739	A	-4.31	-1.71	-1.43	-2.26
1304.925204	74710.82411	-420.1682407	A	-3.61	-1.99	-3.91	-0.4
1303.909346	74710.44591	-420.0229534	A	-2.11	-2.45	-1.11	-2.1
1303.926582	74710.42777	-420.0502101	A	-2.37	-3.83	-1.57	-2.33
1303.943804	74710.40963	-420.0774759	A	-3.1	-3.08	-1.04	-1.67
1303.960991	74710.39145	-420.104735	A	-0.91	-1.49	-1.59	-3.88
1303.978174	74710.37328	-420.132003	A	-3.56	-3.76	-0.94	-3.96
1303.469077	74710.1591	-420.0621002	A	-0.75	-3.27	-1.93	-4.01
1303.483477	74710.14526	-420.0843477	A	-2.74	-5.34	-0.68	-2.31
1303.448444	74710.17963	-420.0683578	A	-2.96	-1.47	-2.62	-2.98
1302.943955	74709.95222	-420.100549	A	-1.1	-3.93	0.05	-1.71
1302.95562	74709.93833	-420.1185425	B	1.38	-0.77	0.3	-1.11
1302.95847	74709.93493	-420.1229473	B	-0.37	0.83	0.14	-2.21
1302.926183	74709.97265	-420.101999	A	-2.23	-3	-1.04	-1.06
1302.933407	74709.96375	-420.1273796	A	-3.31	-1.51	-3.25	-1.35
1302.948246	74709.94546	-420.1795078	B	0.36	-1.02	0.7	0.04
1302.95058	74709.94259	-420.1877097	B	-1.41	-0.49	-0.36	0.3
1302.283235	74709.91884	-420.216332	A	-2.14	-2.34	-2.77	-4.28
1302.290982	74709.91059	-420.2451906	A	-0.36	-2.67	-0.58	-2.78
1302.298723	74709.90232	-420.2740475	A	-1.86	-2.17	-2.5	-1.84
1302.306391	74709.89408	-420.3028791	A	-2.45	-2.76	-1.27	-1.98
1302.313969	74709.88586	-420.3317379	A	-3.34	-1.59	-4.28	-3.14
1302.32164	74709.87753	-420.3605946	A	-2.86	-1.68	-3.8	-1.37
1302.329336	74709.86917	-420.389437	A	-1.57	-2.63	-3.5	-1.63
1302.674627	74708.68002	-420.174728	A	-0.66	-4.36	-1.99	-3.35
1302.685432	74708.66823	-420.1901987	A	-1.69	-0.65	-0.18	-2.97
1302.660887	74708.69554	-420.1855533	A	-0.71	-2.96	-2.51	-2.56
1302.670377	74708.68567	-420.2170026	A	-1.28	-0.84	-3.6	-2.59
1302.319234	74709.07945	-420.2335978	A	-1.03	-3.56	-2.76	-1.85
1302.327278	74709.07033	-420.2621134	A	-2.65	-2.4	-0.77	-1.14
1302.33526	74709.06135	-420.2899859	A	-1.24	-2.25	-2.75	-1.04
1302.343547	74709.05202	-420.3187977	A	-3.61	-0.94	-3.42	-2.7
1302.351942	74709.0426	-420.3478248	A	-1.78	-1.96	-2.79	-2.41
1302.167328	74708.46587	-420.3032433	A	-3.49	-1.95	-1.01	-2.84
1302.179649	74708.45091	-420.330813	A	-2.84	-1.92	-2.55	-2.66
1302.191922	74708.43593	-420.3583926	A	-3.06	-1.27	-0.05	-3.59
1302.204126	74708.42092	-420.3859896	A	-2.53	-2.5	-2.41	-0.9
1302.216253	74708.40592	-420.4135631	A	-0.89	-0.77	-1.58	-2.59
1302.228337	74708.39091	-420.4411505	A	-0.99	-3.39	-2.71	-1.31
1302.240366	74708.37588	-420.4688061	A	-1.94	-2.36	-4.99	-1.71
1302.2523	74708.36082	-420.4964951	A	-2.57	-0.55	-1.3	-1.01
1301.908577	74708.78755	-420.370132	A	-0.14	-3.43	-3.27	-3.21
1301.919211	74708.77383	-420.400753	A	-1.89	-4.91	-3.01	-3.16
1301.929792	74708.7601	-420.4313886	A	-3.31	-1.08	-2.32	-0.78
1301.940301	74708.74638	-420.4620541	A	-1.45	-3.15	-1.74	-1.42
1301.950768	74708.73267	-420.4927395	A	-2.54	-3.69	-2.18	-0.75
1301.893389	74708.01316	-420.4233448	A	-1.46	-4.35	-0.39	-1.55
1301.908228	74707.99665	-420.4470133	A	-1.91	-2.83	-1.51	-2.14
1301.922939	74707.98024	-420.4705604	A	-3.39	-1.19	-1.67	-2.12
1301.937705	74707.96369	-420.494315	A	-4.25	-2.55	-1.33	-2.15
1301.952466	74707.94702	-420.5181971	A	-3.81	-2.11	-2.07	-3.63
1301.967108	74707.93044	-420.5419393	A	-1.96	-2.14	-2.14	-3.64
1301.981725	74707.91381	-420.5657303	A	-1.52	-3.12	-3.27	-2.82
1301.996278	74707.89719	-420.589499	A	-3.35	-3.41	-0.29	-3.23
1302.010795	74707.88054	-420.6132719	A	-1.53	-2.33	-2.53	-2.21
1302.025319	74707.86386	-420.6370855	A	-2.24	-1.59	-1.62	-2.98
1302.039804	74707.84719	-420.6608571	A	-1.54	-3.06	-1.74	-1.9
1302.054262	74707.8305	-420.6846354	A	-3.72	-2.05	0.14	-3
1302.061801	74707.82177	-420.6970603	A	-2.65	-3.5	-3.73	-3.33
1301.580654	74708.3795	-420.4538625	A	-2.67	-1.42	-3.69	-1.57
1301.59232	74708.36663	-420.4848225	A	-1.84	-2.18	-2.33	-2.02
1301.603889	74708.35395	-420.5153255	A	-1.9	-2.7	-1.25	-0.77
1301.615261	74708.34145	-420.5454057	A	-4.27	-1.86	-2.75	-2.22
1301.626766	74708.32879	-420.5759376	A	-3.68	-3.86	-2.62	-2.69
1301.638042	74708.31634	-420.6059598	A	-2.45	-3.52	-3.19	-2.72
1300.600107	74708.74187	-420.558734	A	-2.71	-0.76	-1.51	-2.27
1300.892065	74707.7611	-420.5880738	A	-3.36	-1.29	-0.71	-1.99
1300.919681	74707.72914	-420.6306869	A	-2.04	-2.47	-3.37	-1.66
1300.933478	74707.71312	-420.6519679	A	-3.06	-2.96	-1.14	-1.11
1300.862147	74707.7984	-420.589561	A	-1.87	-1.44	-0.67	-1.78
1300.684898	74707.37777	-420.6872368	A	-3.59	-2.44	-2.4	0.03
1300.701474	74707.35889	-420.7118953	A	-3.32	-3.22	-2.43	-2.84
1300.718051	74707.33994	-420.7364896	A	-1.77	-2.72	-2.92	-1.54
1300.649342	74707.41649	-420.6898303	A	-3.16	-0.7	-1.65	-2.12
1300.657613	74707.4066	-420.717968	A	-3.47	-2.29	-1.32	-1.18
1299.88136	74708.43411	-420.611548	C	2.7	2.66	1.76	1.96
1299.88394	74708.42542	-420.6244304	C	2.3	1.41	3.09	2.54
1299.887783	74708.41244	-420.64364	D	-1.16	0.69	-1.34	0.05
1299.891782	74708.39903	-420.6634424	D	-2.52	-2.26	-1.77	-2.97
1299.894423	74708.3902	-420.676521	D	-3.29	-1.5	-1.07	0.25
1299.896277	74708.38401	-420.6857307	A	-3.18	-2.8	-1.69	-1.42
1299.897677	74708.37934	-420.6926946	D	-3.85	-2.03	-0.59	-1.48
1299.90027	74708.3707	-420.7056077	A	-1.34	-2.73	-3.05	-1.94
1299.903653	74708.35947	-420.7224185	D	-3.43	-0.54	-1.75	-1.46
1299.906895	74708.34876	-420.7383892	D	-1.38	-0.64	-0.15	-2.59
1299.909389	74708.34052	-420.7506733	A	-1.91	-3.86	-3.29	-2.19
1299.912461	74708.33037	-420.7658298	A	-2.22	-1.69	-3.31	-4.09
1299.91569	74708.31969	-420.7818238	A	-2.19	-3.18	-1.88	-1.29
1299.918178	74708.31148	-420.7941288	D	-2.04	-1.38	-1.22	-2.82
1299.921439	74708.30078	-420.8101053	D	1.06	-3.27	-2.48	-1.95
1299.924283	74708.29144	-420.8240204	D	-1.09	0.02	-0.8	-0.93
1299.928113	74708.27879	-420.8428388	A	-2.53	-2.47	-2.64	-1.73
1299.93164	74708.26711	-420.8602421	C	4.15	1.68	0.96	1.86
1299.933793	74708.25997	-420.8708899	E	-3.05	-2.51	-1.86	-2.09
1299.937389	74708.24801	-420.888694	E	-3.7	-4.31	-1.81	-2.21
1299.94077	74708.23667	-420.9054381	E	-2.74	-2.24	-1.39	-1.82
1299.943804	74708.22643	-420.920539	E	-1.19	-2.81	-1.81	0.03
1299.947785	74708.21287	-420.9405561	E	-1.9	-1.08	-4.31	-1.3
1299.951193	74708.20125	-420.9577136	E	-0.66	-3.58	-2.38	-2.84
1299.953216	74708.19432	-420.9679159	E	-2.29	-0.28	-3.29	-2.7
1299.955875	74708.18514	-420.9813638	E	-3.11	0.11	-2.25	-1.7
1299.959886	74708.17119	-421.0017213	E	-3.17	-2.73	-3.54	-2.79
1299.963113	74708.15988	-421.0182069	E	-2.35	-2.93	-1.33	-2.92
1299.965012	74708.15318	-421.0279781	F	0.85	2.37	-0.59	1.34
1299.967183	74708.14549	-421.0391707	A	-2.67	-2.2	-3.58	-1.5
1299.971127	74708.13149	-421.0594988	A	-2.17	-2.51	-3.21	-0.88
1299.974729	74708.11853	-421.0781546	B	0.14	1.79	-0.77	-2.42
1299.977308	74708.10921	-421.0915279	A	-1.44	-3.16	-2.59	-2.05
1299.980205	74708.09878	-421.106529	A	-2.33	-1.95	-2.63	-3.14
1299.982468	74708.0906	-421.1182865	E	-1.11	-1.27	-2.06	-2.15
1299.985342	74708.08015	-421.1332803	E	-2.52	-2.29	-2.58	-3.61
1299.98993	74708.06341	-421.1571287	E	-1.13	-2.89	-2.82	-3.26
1299.994555	74708.04633	-421.1813601	E	-1.61	-4.36	-2.1	-2.29
1299.999131	74708.02925	-421.2055904	E	-3.05	-2.32	-1	-2.03
1300.003719	74708.01207	-421.2297555	E	-2.31	-2.55	-1.62	-4.14
1300.006817	74708.00044	-421.2460405	E	-3.46	-1.83	-0.82	-1.45
1300.009112	74707.99183	-421.258106	D	0.79	-0.92	-2.71	-3.95
1300.012369	74707.97966	-421.2752207	D	-2.63	-1.38	-3.79	-0.76
1300.015062	74707.96962	-421.2892978	E	-2.15	-1.85	-1.93	-2.09
1300.018189	74707.95796	-421.3055533	E	-1.8	-1.67	-3.4	-3.16
1300.022562	74707.94163	-421.3281887	C	1.77	3.63	1.77	2.57
1300.026167	74707.92805	-421.3470266	A	-2.59	-2.87	-1.42	-1.82
1300.028996	74707.91734	-421.3618456	C	0.81	2.68	1.82	2.94
1300.032014	74707.90588	-421.37764	E	-1.67	-1.39	-2.55	-2.24
1300.035486	74707.8926	-421.3957863	E	-2.08	-2.08	-2.59	-2.2
1300.037778	74707.88384	-421.4077445	A	-2.99	-4.48	-2.77	-2.02
1300.038619	74707.88063	-421.4121297	A	-1.69	-3.4	-3.85	-2.55
1300.041291	74707.87042	-421.4260893	E	-0.59	-2.26	-1.6	-3.86
1300.045726	74707.85338	-421.4494457	E	-1.33	-0.73	-1.59	-1.08
1300.049562	74707.83865	-421.4695884	D	-1.93	-3.03	-0.39	-1.29
1300.05194	74707.82943	-421.4821407	E	-3.1	-2.3	-4.32	-2.06
1300.054904	74707.81788	-421.4978781	D	-0.18	-2.94	-1.5	-0.6
1300.059387	74707.80035	-421.5218115	D	-2.21	-1.23	-2.36	-0.31
1300.063824	74707.78281	-421.5457402	D	-3.87	-0.88	-2.46	-1.47
1300.068322	74707.7648	-421.5702552	D	-0.52	-1.35	-1.96	-0.96
1300.072945	74707.74627	-421.5956169	D	-2.95	-1.9	-2.01	-2.7
1300.077202	74707.72905	-421.6191901	A	-1.71	-2.38	-1.98	-3.21
1300.081279	74707.71253	-421.6417419	A	-1.49	-2.76	-2.48	-3.73
1300.084665	74707.69867	-421.6607306	A	-3.6	-3	-3.09	-1.87
1300.086361	74707.69169	-421.6703388	A	-3.48	-1.04	-1.98	-2.61
1300.087205	74707.6882	-421.6751464	A	-0.57	-3.34	-3.8	-1.77
1300.088786	74707.68166	-421.6841647	A	-1.75	-1.02	-2.41	-1.91
1300.090896	74707.67294	-421.6961881	D	-0.35	-2.7	-1.22	-3.11
1300.093959	74707.6603	-421.7136169	D	-1.63	-1.24	-1.52	-1.13
1300.097493	74707.6456	-421.7338401	D	-1.78	-3	-1.72	-1.44
1300.100946	74707.63108	-421.7539006	A	-2	-3.1	-1.68	-4.79
1300.10427	74707.61704	-421.7733856	A	-3.26	-3.69	0.73	-3.02
1300.107007	74707.60544	-421.7894529	D	-2.01	0.78	-2.43	-2.56
1300.110494	74707.59064	-421.809921	D	0.25	-0.56	-1	-0.35
1300.114556	74707.57327	-421.8340425	D	-1.44	-1.95	-0.58	-0.07
1300.118566	74707.55595	-421.8582025	D	-1.55	-0.57	-0.79	-3.12
1300.122572	74707.53859	-421.8823404	D	-0.8	-1.16	-2.62	-1.39
1300.126509	74707.52126	-421.9065078	A	-2.02	0.31	-2.1	-2.44
1300.130389	74707.50414	-421.9305309	D	-1.57	-1.45	-1.74	-1.52
1300.134288	74707.48687	-421.9547495	D	-1.81	-1.36	-1.66	-3.81
1300.138179	74707.46944	-421.979164	D	0.12	-1.11	-1.78	-1.76
1300.141999	74707.45221	-422.0034241	D	-0.49	-1.05	-1.25	-2.55
1300.145813	74707.43499	-422.0276907	D	-4.28	0.21	-1.82	-1.16
1300.148648	74707.42218	-422.0456655	D	-2.79	-0.97	-1.99	-1.77
1300.150565	74707.41357	-422.0577966	D	-1.99	-1.38	-1.95	-2.03
1300.153478	74707.40056	-422.0762271	D	-0.82	-0.45	-1.15	-1.81
1300.156034	74707.38914	-422.0924472	D	-1.56	-3.07	-1.34	-2.1
1300.157952	74707.38057	-422.1046073	E	-3.31	-1.18	-0.57	-3.94
1300.16115	74707.36626	-422.1248572	E	-0.55	-1.16	-2.16	-1.85
1300.164962	74707.34911	-422.1491718	E	-2.74	-2.31	-2.52	-2.62
1300.167402	74707.33814	-422.1648051	E	-0.98	-1.96	-1.39	-3
1300.169297	74707.3296	-422.1769862	C	1.74	-0.14	3.88	2.96
1300.171846	74707.31804	-422.1934158	D	-1.1	-1.5	-1.3	-1.93
1300.174285	74707.30704	-422.209024	C	0.03	0.22	1.96	2.48
1300.176637	74707.29648	-422.2240293	D	-1.62	0.08	-2.87	-2.21
1300.179548	74707.28338	-422.2427142	C	0.03	2.26	1.91	1
1300.182186	74707.27144	-422.2597845	D	-2.51	-2.11	-0.95	-2.32
1300.184409	74707.26134	-422.2742079	E	-1.52	-1.76	-0.52	-0.76
1300.186975	74707.24965	-422.2908543	E	-1.66	-1.89	-2.2	-2.55
1300.189791	74707.23685	-422.3091445	C	0.63	2.52	1.66	2.42
1300.193093	74707.22181	-422.330708	A	-2.41	-1.96	-3.68	-1.72
1300.196523	74707.20619	-422.3530796	C	2.23	1.6	2.29	1.32
1300.200068	74707.19013	-422.3760544	C	1.29	3.03	4.07	2.1
1300.202416	74707.17951	-422.3913255	G	0.78	1.88	0	0.15
1300.204571	74707.16977	-422.4054004	C	1.69	1.47	4.35	1.3
1300.207228	74707.15779	-422.4227478	D	-0.61	-1.42	-0.99	-0.14
1300.210168	74707.14453	-422.4419224	D	-1.81	-0.62	-1.46	-0.9
1300.213335	74707.13015	-422.4627398	D	-2.74	-2.14	-1.32	-2.24
1300.215987	74707.11807	-422.4803286	D	-0.84	-1.34	-2.75	-2.72
1300.218844	74707.10503	-422.4993647	D	-0.88	-1.37	-1.11	-2.57
1300.220867	74707.09577	-422.5128716	C	1.87	2.41	2.15	2.46
1300.221511	74707.09282	-422.5171686	C	1	2.45	2.89	1.8
1300.222369	74707.08889	-422.5228972	C	1.18	1.98	2.89	2.5
1300.224936	74707.07711	-422.5400875	C	4.85	2.61	2.53	1.56
1300.227691	74707.06438	-422.5587382	C	1.27	2.86	2.06	3.14
1300.229105	74707.05781	-422.5683807	G	-0.84	1.81	2.05	0.12
1300.230484	74707.05139	-422.5778238	D	-1.91	-1.01	-0.9	-2.52
1300.23267	74707.0412	-422.5928042	D	-1.47	-1.37	-2.7	0.97
1300.23575	74707.0268	-422.6139236	D	-1.58	-3.82	0.2	-2.59
1300.238487	74707.01396	-422.6328085	D	0.11	-0.87	-3.25	-1.69
1300.240907	74707.00254	-422.6496615	C	2.1	2.94	0.87	1.41
1300.24349	74706.99028	-422.6677477	C	3.62	2.83	2.13	2.11
1300.24636	74706.97659	-422.6878639	C	0	1.08	1.3	3.41
1300.249884	74706.95985	-422.7125036	C	2.86	0.69	3.23	4.04
1300.253411	74706.94318	-422.7371955	C	2.36	2.37	1.43	0.2
1300.256267	74706.92971	-422.7571617	C	2.48	1.52	1.93	1.83
1300.258484	74706.91914	-422.7727928	C	3.55	1.66	0.79	2.45
1300.260874	74706.9076	-422.7898687	C	0.65	1.94	2.96	2.49
1300.263481	74706.89485	-422.8088319	C	1.07	2.81	1.34	2.88
1300.265273	74706.88599	-422.8220332	C	0.27	2.54	2.18	1.84
1300.267276	74706.87601	-422.836882	D	-2.4	-2.03	-1.69	-1.7
1300.269742	74706.86365	-422.855217	D	-0.7	-1.71	-2.46	-1.99
1300.271688	74706.8538	-422.8698542	D	-0.51	-2.45	-2.39	-2.85
1300.274047	74706.84176	-422.8878115	D	-1.29	-0.73	-2.74	-2.07
1300.276974	74706.82669	-422.9103291	D	-0.27	-2.64	0.08	-0.12
1300.280165	74706.81005	-422.9350851	D	-0.68	-2.32	-0.66	-2.61
1300.282782	74706.79631	-422.9555032	D	-2.39	-2.51	-1.37	-1.58
1300.284801	74706.78565	-422.9714054	A	-2.34	-1.04	-1.63	-2.21
1300.286605	74706.77612	-422.9856674	E	-0.79	-2.32	-0.92	-3.61
1300.288621	74706.76548	-423.0015826	D	-2.32	-1.74	0.37	-0.15
1300.290925	74706.7533	-423.01976	D	-0.67	-2.25	-0.93	-0.68
1300.29249	74706.74499	-423.0321512	C	2.98	2.19	0.84	4.86
1300.29456	74706.73394	-423.0486908	C	1.44	2.04	1.88	2.13
1300.297395	74706.71879	-423.0714626	C	1.27	4.5	1.46	3.05
1300.299507	74706.70749	-423.0884396	C	0.43	3.33	3.5	2.07
1300.300718	74706.701	-423.0981612	C	2.75	3.39	3.38	1.84
1300.302593	74706.69093	-423.113264	C	1.65	1.05	2.16	1.14
1300.30487	74706.67867	-423.1316925	C	2.28	3.26	3.29	3.3
1300.306371	74706.67056	-423.1439204	G	0.68	1.21	1.63	-0.07
1300.308019	74706.66163	-423.157397	D	-2.38	-2.41	0.73	-1.72
1300.309465	74706.6538	-423.1692115	H	0.35	0.55	-1.48	1.34
1300.311362	74706.64349	-423.1847564	D	-1.76	-0.6	-1.58	-2.28
1300.313297	74706.63291	-423.2007228	D	0.2	-2.05	-1.5	-2
1300.314794	74706.62469	-423.2131793	C	-1.2	2.64	2.79	1.17
1300.316752	74706.61389	-423.2296009	C	3.52	1.71	3.57	0.41
1300.319184	74706.60035	-423.2501768	C	0.64	0.93	2.71	1.27
1300.321519	74706.58719	-423.2701111	D	-0.41	-1.31	-1.98	-1.33
1300.323461	74706.57609	-423.2869322	D	-1.23	-3.18	-0.45	-0.52
1300.325834	74706.56228	-423.3079379	D	-3.89	-2.43	-1.65	-0.3
1300.328633	74706.5459	-423.3329194	D	-0.44	-3.02	-1.5	-1.5
1300.331427	74706.5295	-423.357882	D	-0.73	-2.42	-1.26	-3.95
1300.334112	74706.51355	-423.3822521	D	-2.46	-0.51	-1.31	-0.48
1300.335696	74706.50404	-423.3968573	D	-0.78	-2.02	-3.24	-1.01
1300.336393	74706.49983	-423.4033275	G	1.48	2	1	1.41
1300.337513	74706.49304	-423.4137592	D	-2.16	-0.97	-0.97	-1.8
1300.339561	74706.48052	-423.4329469	D	-1.61	-2.05	0.51	-4.65
1300.342205	74706.46423	-423.4579981	D	-2.28	-1.29	-1.75	-1.98
1300.344805	74706.44801	-423.4831031	D	-1.89	-1.5	-2.28	-1.65
1300.347011	74706.43409	-423.5046542	D	-2.31	-2.37	-0.73	-2.12
1300.348172	74706.42679	-423.5159478	G	1.7	1.3	4.18	1.51
1300.349488	74706.41854	-423.528705	C	2.16	1.35	1.52	0.46
1300.35187	74706.40358	-423.5519601	C	3.25	2.85	3.36	0.96
1300.354368	74706.38801	-423.576294	C	2.27	2.81	2.04	0.09
1300.35643	74706.37525	-423.5962214	C	0.53	3.06	0.72	1.78
1300.357939	74706.36585	-423.6109058	E	-2.57	-3.01	-1.15	-2.81
1300.358976	74706.35928	-423.6211901	A	-2.78	-1.3	-2.2	-2.49
1300.360149	74706.35177	-423.63295	A	-2.66	-2.73	-3.77	-1.54
1300.361397	74706.34374	-423.6455588	A	-1.68	-2.35	-4.05	-1.88
1300.362514	74706.33652	-423.6569085	A	-1.13	-1.3	-3.75	-2.13
1300.363566	74706.32969	-423.6676208	A	-2.36	-2.28	-2.85	-1.98
1300.364971	74706.32057	-423.6818976	A	-1.24	-0.71	-1.97	-4.22
1300.366467	74706.31105	-423.6968084	D	-2.36	-1.14	-1.84	0.08
1300.368021	74706.30145	-423.7119521	D	-0.52	-2.17	-1.57	-2.29
1300.370429	74706.28702	-423.7349425	D	-1.04	0.16	-2.07	0.59
1300.372647	74706.27352	-423.7564645	D	-2.57	-1.58	-0.58	-3.05
1300.373911	74706.26585	-423.7687059	C	1.89	1.67	2.45	3.77
1300.375615	74706.25556	-423.7851765	D	-2.02	-0.92	0.12	0.24
1300.378097	74706.2404	-423.8094832	D	-1.34	-0.46	-1.39	-2.74
1300.380204	74706.22733	-423.8303946	C	2.48	2.77	3.84	1.08
1300.382124	74706.215	-423.850012	C	2.39	0.82	1.8	1.54
1300.383763	74706.20425	-423.867094	C	3.08	2.22	1.99	1.78
1300.384949	74706.19643	-423.8795448	C	2.42	0.56	1.81	0.55
1300.386141	74706.18849	-423.8922152	D	-1.02	-1.42	-1.6	-3.18
1300.387999	74706.17593	-423.9122842	D	-1.93	-1.15	-0.98	-1.59
1300.390317	74706.16	-423.9376014	A	-0.71	-1.78	-1.54	-2.03
1300.392596	74706.1441	-423.96294	A	0.77	-2.94	-3.07	-2.97
1300.394804	74706.12828	-423.9883328	A	0.15	-3.05	-3.3	-2.09
1300.397004	74706.11244	-424.0137155	A	-2.73	-2.17	-1.52	-2.51
1300.399174	74706.09662	-424.0391121	A	-1.44	-4.25	-3.56	-2.24
1300.401297	74706.08087	-424.0645528	A	-2.09	-2.38	-2.72	-3.71
1300.403391	74706.06512	-424.0899991	A	-3.94	-3.98	-1.45	-2.73
1300.404959	74706.053	-424.1094862	A	-1.46	-3.3	-1.7	-3.05
1300.405666	74706.04748	-424.1183876	D	-2.53	-1.23	-0.14	-1.2
1300.40637	74706.04196	-424.1272959	D	-2.04	-1.13	0.03	-2.05
1300.407532	74706.03279	-424.1421525	D	1.73	-2.28	-1.78	-2.72
1300.409004	74706.021	-424.1612609	D	-0.23	-1.8	-1.89	-2.95
1300.41064	74706.00774	-424.1826845	D	0.61	-1.4	-1.85	-0.85
1300.41241	74705.99302	-424.2064378	A	-1.43	-2.79	-2.31	-3.43
1300.413598	74705.98291	-424.2227793	A	-1.58	-2.77	-1.05	-2.41
1300.414465	74705.97544	-424.2348831	A	-2.21	-2.97	-2.16	-2.06
1300.415319	74705.96809	-424.2467682	D	-1.45	-1.67	-2.36	-2.15
1300.416313	74705.95954	-424.2605523	A	-2.77	-0.45	-1.95	-3.07
1300.417276	74705.95111	-424.2741149	A	-2.88	-2.93	-1.75	-2.23
1300.418625	74705.93898	-424.2936078	A	-1.69	-1.65	-2.64	-3.69
1300.420351	74705.92322	-424.3190791	A	-2.65	-1.08	-0.37	-4.79
1300.422036	74705.90748	-424.3445631	A	-1.18	-1.1	-2.19	-3.79
1300.423332	74705.89485	-424.364929	A	-2.29	-2.59	-2.61	-1.36
1300.424506	74705.88317	-424.3838324	D	-2.16	-1.87	-3.3	-1.9
1300.425545	74705.87257	-424.4010551	D	-1.94	-1.13	-1.29	-1.42
1300.426316	74705.86446	-424.4142418	C	1.62	1.92	2.29	4.17
1300.42708	74705.8562	-424.4276292	D	-1.62	-1.82	-1.78	-2.46
1300.428131	74705.8445	-424.4465232	D	-0.51	-2.54	-1.26	-1.03
1300.429224	74705.83201	-424.4666938	D	-1.71	-2.22	-2.17	-1.44
1300.430293	74705.81955	-424.4868843	A	-1.71	-3.36	-1.43	-2.28
1300.433335	74705.78147	-424.5485048	A	-2.79	-1.83	-3.24	-3.01
1300.435609	74705.75014	-424.5996252	A	-2.92	-2.18	-2.61	-2.83
1300.436665	74705.73444	-424.6251685	A	-1.43	-2.78	-3.27	-2.19
1300.438671	74705.70321	-424.6763566	A	-1.83	-2.29	-3.33	-2.43
1300.440098	74705.67919	-424.7155611	E	-1.11	-3.3	-2.27	-2.51
1300.441346	74705.65628	-424.7531065	I	0.8	2.44	3.06	0.53
1300.442815	74705.625	-424.8042854	I	3.85	0.91	0.78	1.52
1300.445209	74705.54684	-424.9322911	I	0.59	3.62	1.13	0.5
1300.445737	74705.51547	-424.9834362	I	0.97	0.6	0	0.39
1300.446182	74705.46895	-425.0593106	I	0.93	2.67	2.71	1.84
1300.446142	74705.4191	-425.1407647	I	2.84	1.81	-0.24	1.17
1300.445438	74705.36358	-425.2316464	J	-0.53	-0.82	-0.61	-2.53
1300.445277	74705.35655	-425.2431693	I	2.63	2.72	2.21	1.58
1300.445094	74705.34887	-425.2557624	J	-1.19	0.65	-0.8	-1.1
1300.444661	74705.33251	-425.2823849	I	1.76	0.56	1.89	2.83
1300.444259	74705.31979	-425.303025	B	0.67	0.64	-0.58	-0.16
1300.442784	74705.28062	-425.3666721	I	0.6	2.01	2	1.64
1300.439586	74705.21795	-425.4686616	I	2.01	2.23	1.29	2.08
1300.438603	74705.20188	-425.4948615	I	1.72	1.04	1.42	2.01
1300.436438	74705.17052	-425.5459662	I	1.35	1.52	2.06	2.77
1301.002132	74704.94072	-421.0553872	A	-2.13	-2.89	-1.62	-3.47
1300.993298	74704.9522	-421.0712778	A	-2.27	-2.17	-1.08	-4.12
1300.983634	74704.96477	-421.0886212	A	-3.07	-3.17	-1.84	-2.22
1300.975821	74704.97496	-421.1026259	A	-2.23	-1.52	-0.81	-2.49
1300.971504	74704.9806	-421.1103599	D	-3.84	-1.96	-1.62	-2.46
1300.968215	74704.9849	-421.1162539	A	-0.01	-3.38	-3.14	-2.06
1300.961225	74704.99401	-421.1287871	A	-2.28	-3.59	-3.18	-2.47
1300.952185	74705.0058	-421.1450133	A	-2.17	-2.49	-2.53	-4.02
1300.942533	74705.01841	-421.1623356	D	-0.27	-1.01	-0.66	-1.58
1300.932746	74705.03117	-421.1798107	A	-1.89	-3.13	-3.1	-0.08
1300.921604	74705.04565	-421.199689	A	-0.67	-1.14	-1.65	-1.32
1300.911509	74705.05877	-421.2177516	D	-1.73	-1.78	-3.06	-2.63
1300.903474	74705.06922	-421.2321228	D	-1.49	-0.48	-0.55	-2.48
1300.896556	74705.07821	-421.244443	D	-1.3	-2.54	-2.43	-1.55
1300.887679	74705.08979	-421.2602401	C	1.34	3.36	2.85	2.4
1300.876965	74705.10378	-421.2793529	A	-1.84	-4.51	-3.69	-2.35
1300.864335	74705.12032	-421.3019962	A	-2.37	-3.51	-2.1	-2.72
1300.852339	74705.13608	-421.3235156	A	-3.04	-2.75	-2.5	-3.06
1300.840859	74705.15118	-421.3441096	A	-0.66	-1.93	-1.37	-2.53
1300.829319	74705.16639	-421.3649375	A	-0.49	-1.6	-4.13	-1.25
1300.820258	74705.17837	-421.3813485	A	-3.28	-0.89	-3.23	-2.82
1300.812209	74705.18903	-421.3959007	A	-2.31	-3.54	-2.39	-1.79
1300.802847	74705.20144	-421.4128461	D	-3.45	-0.53	-1.42	-3.2
1300.792599	74705.21507	-421.4314698	D	-1.98	-2.83	-0.48	-2.11
1300.781166	74705.23031	-421.4523293	A	-1.12	-3.08	-1.9	-1.97
1300.770642	74705.24437	-421.4714983	A	-1.11	-3.04	-1.89	-4.57
1300.760738	74705.25765	-421.4895541	A	-3.8	-2.97	-3.55	-3.27
1300.749266	74705.27307	-421.5105966	A	-2.88	-2.8	-2.66	-1.59
1300.737229	74705.28933	-421.5327479	A	-3.54	-1.62	-1.68	-2.46
1300.725411	74705.30539	-421.5544884	A	-1.52	-1.59	-1.81	-2.06
1300.713653	74705.32144	-421.5762704	A	-1.97	-2.62	-2.64	-2.71
1300.701756	74705.33775	-421.5984577	A	-2.22	-3.14	-2.31	-1.62
1300.690048	74705.35381	-421.6202625	A	-1.69	-1.65	-3.64	-2.67
1300.679346	74705.36848	-421.6402405	A	-3.44	-2.32	-3.79	-3.16
1300.668868	74705.38285	-421.6598884	A	-1.89	-0.32	-2	-3.72
1300.659586	74705.39559	-421.6773175	A	-2.68	-3.22	-2.03	-2.82
1300.653362	74705.40415	-421.6889837	A	-3.59	-3.39	-4.06	-3.81
1300.64743	74705.4123	-421.7000866	I	1.39	3.19	3.11	2.01
1300.639415	74705.42332	-421.7150725	I	0.34	2.41	3.38	-0.11
1300.629221	74705.43728	-421.7341569	D	-1.98	-2.6	-0.26	-1.7
1300.618836	74705.45153	-421.7536005	D	-2.05	-1.61	-2.41	-2.24
1300.608425	74705.46581	-421.7730089	I	2.34	2.65	3.05	2.05
1300.597134	74705.48131	-421.7940973	I	1.87	1.76	1.85	0.23
1300.585784	74705.49692	-421.8154038	D	-0.78	-0.68	-2.24	-0.08
1300.573836	74705.51337	-421.8378003	D	-1.68	-3.14	-2.57	-1.78
1300.562184	74705.52942	-421.8596419	A	-2.15	-2.09	-3.54	-3.1
1300.550759	74705.54515	-421.8811557	D	-2.13	-1.53	-1.31	-1.67
1300.53509	74705.56673	-421.9106359	A	-3.35	-2.3	-2.21	-2.94
1300.524217	74705.58166	-421.931011	A	-4.65	-2.65	-1.06	-2.1
1300.512546	74705.59761	-421.9529111	A	-3.7	-3.09	-1.66	-2.71
1300.500962	74705.61343	-421.9746165	A	-2.24	-2.42	-2.54	-3.6
1300.493809	74705.62318	-421.9879436	K	0.35	0.24	-0.01	-0.72
1300.49072	74705.62739	-421.9936738	K	0.48	1.29	0.08	1.19
1300.48515	74705.63497	-422.0040404	A	-2.91	-2.64	-2.21	-2.61
1300.477156	74705.64589	-422.0191089	A	-2.72	-3.09	-3	-2.53
1300.465848	74705.66136	-422.0405363	A	-0.47	-2.05	-2.39	-3.3
1300.454701	74705.67663	-422.0615332	A	-2.53	-2.78	-3.3	-2.76
1300.445121	74705.68975	-422.0795327	D	-0.14	-2.08	-0.43	-2.96
1300.437238	74705.70057	-422.0943943	D	-1.28	-3.44	-1.19	-1.67
1300.42847	74705.71258	-422.110942	D	-1.35	-1.18	-2.83	-0.14
1300.4202	74705.72395	-422.1265435	C	2.4	2.9	1.87	0.51
1300.414686	74705.73154	-422.1369333	A	-1.66	-1.94	-1.7	-1.85
1300.41163	74705.73575	-422.1426835	G	0.18	1.75	-0.89	1.71
1300.40867	74705.73981	-422.1482473	D	-1.33	-2.5	-3.58	-3.38
1300.403144	74705.7474	-422.1586346	G	1.63	0.23	-0.18	0.35
1300.395163	74705.75836	-422.1736735	D	-2.36	-1.76	-2.16	-1.04
1300.385527	74705.77164	-422.1918697	A	-1.88	-3.3	-1.4	-3.08
1300.377277	74705.78304	-422.2074558	G	0.67	0.7	1.18	0.39
1300.372659	74705.78943	-422.2161729	A	-3.59	-1.28	-2.48	-2.03
1300.366772	74705.79757	-422.227307	K	1.44	-0.92	0.71	-1.18
1300.360424	74705.80639	-422.2393898	A	-3	-1.67	-2.77	-2.43
1300.353995	74705.81535	-422.2516679	C	3.84	4.29	2.89	1.69
1300.346404	74705.82594	-422.2661748	G	2.07	1.86	1.83	0.98
1300.336761	74705.8394	-422.2845646	C	2.14	2.4	1.04	3.07
1300.328471	74705.85098	-422.3003425	C	2.14	2.36	2.52	2.18
1300.322811	74705.85887	-422.3111103	A	-2.53	-3.98	-3.93	1.26
1300.317839	74705.8658	-422.3205838	A	-3.04	-3.36	-2.99	-2.55
1300.308878	74705.87831	-422.3376828	A	-2.54	-3.27	-1.09	-0.96
1300.297079	74705.89476	-422.3601562	A	-1.56	-1.2	-1.9	-3.03
1300.288683	74705.90646	-422.3761249	A	-3.46	-2.26	-4.32	-1.34
1300.285269	74705.91121	-422.3826281	D	-1.02	-1.13	-0.72	0.05
1300.28254	74705.91501	-422.387834	D	-1.63	-2.72	-0.98	-1.22
1300.277186	74705.92247	-422.3980681	C	0.3	3.24	1.55	1.35
1300.269786	74705.93279	-422.4122037	D	-2.65	-1.35	-1.24	0
1300.261501	74705.94434	-422.4279968	D	-2.32	-2.97	-1.29	-1.62
1300.253597	74705.95536	-422.4430371	C	1.88	3.02	3.07	3.05
1300.247457	74705.96393	-422.4547413	D	-0.93	-1.52	-1	-0.47
1300.240841	74705.97316	-422.4673863	D	-0.98	-2.87	0.28	-2.86
1300.232962	74705.98416	-422.4824516	D	-2.52	-1.08	-1.5	-2.37
1300.227221	74705.99218	-422.4934222	G	2.17	0.41	0.58	3.16
1300.222452	74705.99884	-422.5025271	D	-1.51	-1.55	-1.54	-2.03
1300.213788	74706.01096	-422.5190576	A	-2	-2.37	-3.52	-3.21
1300.203475	74706.02538	-422.5387563	A	-1.91	-2.19	-1.15	-2.73
1300.191911	74706.04156	-422.5608777	D	-2.98	-1.02	-3.2	-1.76
1300.182576	74706.05464	-422.5787073	D	-3.82	-0.23	-0.66	-2.43
1300.176445	74706.06322	-422.5904063	G	0.71	0.93	0.96	1.7
1300.16905	74706.07356	-422.6045232	A	-1.95	-1.85	-4.35	-2.66
1300.157418	74706.08991	-422.6268294	A	-2.27	-2.76	-2.14	-3.31
1300.148896	74706.1019	-422.6431838	A	-1.21	-4.31	-3.04	-2.25
1300.144445	74706.10818	-422.6517304	G	0.17	-0.14	1.3	2.1
1300.142415	74706.11105	-422.6556318	D	-3.46	-1.88	-1.58	-1.45
1300.140289	74706.11405	-422.6597188	D	-1.92	-1.55	-1.74	-2.28
1300.137004	74706.11869	-422.6660348	D	-2.79	-0.38	-2.03	-3.1
1300.131115	74706.12703	-422.6773695	D	-0.85	-3.77	-2.16	-2.7
1300.121948	74706.13999	-422.6950295	C	3.13	3.04	2.67	2.12
1300.111442	74706.15488	-422.7152949	C	2	1.76	2.12	2.01
1300.100091	74706.17101	-422.7372276	C	1.45	2.06	0.82	1.46
1300.092881	74706.18127	-422.7511716	D	-0.91	-1.46	-0.5	-1.47
1300.089036	74706.18673	-422.7586105	A	-1.13	-2.26	-3.04	-2.86
1300.083463	74706.19466	-422.769399	G	1.5	2.26	1.25	1.14
1300.075778	74706.20559	-422.7842802	G	0.78	1.63	0.59	1.02
1300.067794	74706.21693	-422.7997091	D	-0.01	-0.07	-0.26	-2.32
1300.059702	74706.22842	-422.8153176	D	-1.7	-1.77	-1.42	-1.65
1300.052471	74706.23867	-422.829255	C	3.16	1.56	2.48	1.18
1300.043557	74706.2512	-422.8463582	C	3.38	2.93	2.52	1.51
1300.034899	74706.26329	-422.8629087	C	2.33	2.42	1.36	2.28
1300.028456	74706.27242	-422.8753865	D	0.84	-1.78	-0.45	-3.05
1300.019144	74706.28563	-422.8934614	K	0.83	0.93	-1.23	-0.48
1300.01012	74706.29844	-422.9109744	C	1.87	2.71	1.65	2.2
1300.003211	74706.30825	-422.9243928	C	2.69	3.4	2.3	1.36
1299.989603	74706.32759	-422.9508713	C	1.9	2.19	2.7	1.45
1299.980506	74706.34054	-422.9685846	C	1.79	2.76	1.23	3.17
1299.971879	74706.3528	-422.9853626	D	-0.63	-1.71	-1.36	-1.11
1299.961633	74706.36741	-423.0052903	D	-1.48	-0.41	-3.44	0.09
1299.951025	74706.38258	-423.0259582	D	-0.84	-1.39	-2.13	-1.48
1299.944719	74706.39161	-423.038249	D	-0.15	-1.48	-2.24	-2.43
1299.938127	74706.40104	-423.0510978	D	-3.15	-1.52	-2.4	-0.6
1299.92935	74706.41365	-423.068213	D	-1.13	-2.32	-1.65	-1.93
1299.922112	74706.42408	-423.0823481	D	-2.59	-1.59	-2.6	-1.21
1299.917166	74706.43122	-423.0920222	K	0.29	0.89	0.3	0.91
1299.911662	74706.43918	-423.1028229	A	-3.75	-2.52	-1.22	-1.01
1299.90219	74706.45288	-423.1214637	A	-2.96	-2.75	-2.05	-3.24
1299.891359	74706.46849	-423.1427071	A	-4.2	-2.77	-3.7	-1.25
1299.880166	74706.48464	-423.1647111	A	-0.7	-2.4	-2.57	-2.01
1299.868898	74706.5009	-423.1869335	A	-2.7	-4.62	-2.28	-4.43
1299.859416	74706.51456	-423.205602	A	-2.66	-1.41	-4.32	-2.46
1299.85006	74706.52814	-423.2240524	A	-2.49	-3.99	-3.27	-2.37
1299.841495	74706.54066	-423.2410106	A	-0.68	-0.13	-2.48	-2.52
1299.834542	74706.55083	-423.254814	A	-2.66	-3.13	-0.72	-2.98
1299.825047	74706.56468	-423.2736679	A	-2.47	-2.65	-2.29	-2.43
1299.813762	74706.58119	-423.2960283	A	-1.83	-2.81	-0.77	-3.84
1299.802466	74706.59772	-423.3183726	A	-2.67	-3.64	-2.37	-4.49
1299.79121	74706.61423	-423.3407516	A	-3	-1.05	-2.1	-3.39
1299.779944	74706.63074	-423.3631205	A	-1.77	-0.73	-2.47	-1.37
1299.770927	74706.64397	-423.3809964	A	-2.95	-0.4	-1.44	0.03
1299.762869	74706.65582	-423.3970262	A	-3.29	-3.91	-1.09	-1.9
1299.753613	74706.66944	-423.4155009	D	-2.29	-3.87	-1.28	-2.06
1299.744818	74706.68239	-423.4330305	G	1.47	1.46	1.19	1.63
1299.735566	74706.69606	-423.4514733	G	2.51	-0.19	2.14	0.37
1299.727528	74706.70792	-423.4675062	D	-1.88	-2.27	-2.76	-2.52
1299.721734	74706.71645	-423.4790751	C	2.85	3.9	0.2	3.17
1299.715016	74706.72636	-423.4925176	G	2.02	2.45	-0.61	2.31
1299.706042	74706.73959	-423.5104179	G	0.38	-0.68	1.74	0.79
1299.696958	74706.75297	-423.5284863	C	1.66	1.52	0.5	3.1
1299.687608	74706.76674	-423.5471388	A	-2.56	-2.53	-2.37	-1.31
1299.678004	74706.78089	-423.5663887	A	-2.44	-2	-3.03	-3.63
1299.66923	74706.79384	-423.5839308	A	-3.39	-2.72	-2.01	-2.17
1299.660729	74706.80639	-423.6008959	A	-1.23	-2.8	-2.89	-0.91
1299.652887	74706.81796	-423.6165638	C	2.9	2.75	1.64	3.74
1299.643473	74706.83185	-423.6354321	C	1.99	1.14	2.13	2.1
1299.632284	74706.84837	-423.6578387	C	2.2	1.91	0.63	2.76
1299.621054	74706.86491	-423.6802021	C	3.25	1.88	1.73	2.54
1299.612065	74706.87812	-423.6981125	D	-0.18	-2.65	-3.15	-1.77
1299.605806	74706.88733	-423.7106283	D	-1.19	-1.38	-0.8	0.49
1299.598903	74706.89749	-423.7244574	G	2.15	0.12	2.55	0.9
1299.589847	74706.91084	-423.7425642	G	1.34	0.59	2.21	0.75
1299.58164	74706.92296	-423.7589935	C	3.39	2.4	1.33	1.33
1299.575498	74706.93203	-423.7713271	G	1.78	0.92	-1.41	1.82
1299.569648	74706.94069	-423.7831144	G	2.23	2.6	1.59	2.28
1299.564077	74706.94893	-423.7943376	C	0.47	1.73	0.54	1.78
1299.555807	74706.96119	-423.8109656	C	2.86	1.32	2.52	2.3
1299.544676	74706.97775	-423.8333679	C	1.33	2.23	3.34	1.97
1299.533574	74706.99426	-423.8558228	C	2.24	2.24	2.07	2.86
1299.522475	74707.01078	-423.8782655	C	3.43	0.21	0.96	3.29
1299.514408	74707.0228	-423.894503	C	1.97	0.8	2.73	2.08
1299.508847	74707.03108	-423.9057028	G	1.97	1.18	2.6	0.07
